1956, 

1983, 

1978, 

1948, 

1932, 

1927, 

1927, 

1921, 

1943, 

1959, 

1986, 

1999, 

2020, 

2012, 

1990, 

1956, 

1918, 

1911, 

1926, 

1940, 

1954, 

1954, 

1952, 

1968, 

1991, 

1998, 

1986, 

1953, 

1886, 

1819, 

1814, 

1854, 

1894, 

1918, 

1923, 

1920, 

1954, 

2019, 

2061, 

2084, 

2080, 

2059, 

2036, 

1998, 

1969, 

1948, 

1930, 

1938, 

1959, 

1991, 

2024, 

2041, 

2026, 

1991, 

1954, 

1923, 

1923, 

1942, 

1939, 

1921, 

1903, 

1913, 

1955, 

1990, 

2021, 

2024, 

2017, 

2009, 

2002, 

1990, 

1951, 

1900, 

1875, 

1883, 

1906, 

1915, 

1909, 

1907, 

1929, 

1979, 

1987, 

1959, 

1925, 

1920, 

1919, 

1929, 

1971, 

2014, 

2054, 

2078, 

2049, 

2005, 

1958, 

1940, 

1909, 

1868, 

1843, 

1839, 

1860, 

1904, 

1932, 

1953, 

1981, 

2011, 

2020, 

2021, 

1994, 

1953, 

1919, 

1876, 

1834, 

1798, 

1788, 

1834, 

1929, 

2018, 

2076, 

2103, 

2105, 

2125, 

2121, 

2097, 

2057, 

1990, 

1937, 

1908, 

1902, 

1933, 

1952, 

1966, 

1980, 

1992, 

1996, 

2027, 

2042, 

2061, 

2078, 

2084, 

2087, 

2084, 

2078, 

2072, 

2051, 

2039, 

2051, 

2063, 

2056, 

2028, 

2003, 

2002, 

1998, 

1983, 

1972, 

1939, 

1916, 

1892, 

1852, 

1810, 

1773, 

1770, 

1796, 

1847, 

1908, 

1952, 

1971, 

1981, 

1981, 

1986, 

1970, 

1932, 

1904, 

1890, 

1893, 

1905, 

1910, 

1927, 

1970, 

2011, 

2007, 

1999, 

1966, 

1914, 

1880, 

1870, 

1887, 

1917, 

1938, 

1953, 

1952, 

1958, 

1973, 

1992, 

2016, 

2022, 

1995, 

1931, 

1838, 

1766, 

1710, 

1667, 

1669, 

1725, 

1772, 

1786, 

1780, 

1742, 

1677, 

1564, 

1435, 

1309, 

1209, 

1143, 

1125, 

1143, 

1176, 

1213, 

1280, 

1343, 

1411, 

1505, 

1604, 

1683, 

1767, 

1844, 

1899, 

1936, 

1930, 

1891, 

1825, 

1802, 

1859, 

1963, 

2072, 

2153, 

2201, 

2207, 

2195, 

2175, 

2158, 

2131, 

2070, 

1998, 

1941, 

1957, 

1989, 

2020, 

2047, 

2084, 

2118, 

2130, 

2146, 

2157, 

2189, 

2217, 

2225, 

2225, 

2229, 

2234, 

2208, 

2156, 

2120, 

2099, 

2105, 

2118, 

2137, 

2148, 

2149, 

2152, 

2145, 

2136, 

2129, 

2120, 

2107, 

2065, 

2039, 

2078, 

2132, 

2181, 

2208, 

2222, 

2222, 

2218, 

2208, 

2200, 

2186, 

2162, 

2143, 

2123, 

2106, 

2114, 

2133, 

2141, 

2138, 

2128, 

2134, 

2149, 

2176, 

2216, 

2249, 

2307, 

2348, 

2366, 

2369, 

2349, 

2314, 

2279, 

2247, 

2213, 

2230, 

2266, 

2315, 

2340, 

2367, 

2362, 

2346, 

2327, 

2329, 

2337, 

2336, 

2312, 

2274, 

2244, 

2255, 

2298, 

2326, 

2332, 

2319, 

2306, 

2288, 

2274, 

2266, 

2256, 

2243, 

2227, 

2206, 

2171, 

2131, 

2092, 

2068, 

2058, 

2076, 

2113, 

2131, 

2142, 

2114, 

2079, 

2068, 

2082, 

2104, 

2089, 

2054, 

2017, 

1986, 

1965, 

1941, 

1930, 

1935, 

1961, 

1967, 

1965, 

1967, 

1963, 

1968, 

1973, 

1946, 

1899, 

1857, 

1850, 

1859, 

1881, 

1908, 

1921, 

1925, 

1903, 

1880, 

1859, 

1851, 

1863, 

1901, 

1924, 

1932, 

1921, 

1881, 

1817, 

1763, 

1749, 

1824, 

1920, 

1981, 

2011, 

2024, 

2013, 

1993, 

1970, 

1934, 

1897, 

1862, 

1866, 

1880, 

1892, 

1899, 

1903, 

1896, 

1890, 

1891, 

1896, 

1910, 

1911, 

1883, 

1822, 

1789, 

1797, 

1840, 

1890, 

1950, 

1995, 

2021, 

2035, 

2029, 

2024, 

1994, 

1939, 

1881, 

1865, 

1877, 

1906, 

1939, 

1942, 

1941, 

1957, 

1962, 

1963, 

1974, 

1975, 

1969, 

1951, 

1937, 

1931, 

1933, 

1915, 

1904, 

1906, 

1931, 

1949, 

1960, 

1945, 

1915, 

1876, 

1869, 

1894, 

1927, 

1949, 

1968, 

1969, 

1938, 

1889, 

1857, 

1856, 

1867, 

1873, 

1865, 

1864, 

1902, 

1943, 

1962, 

1958, 

1960, 

1955, 

1954, 

1950, 

1945, 

1941, 

1898, 

1819, 

1745, 

1727, 

1788, 

1887, 

1976, 

2024, 

2037, 

2029, 

2007, 

1997, 

1990, 

1977, 

1945, 

1911, 

1885, 

1879, 

1894, 

1918, 

1947, 

1968, 

1974, 

1973, 

1948, 

1939, 

1956, 

1972, 

1953, 

1914, 

1887, 

1906, 

1942, 

1960, 

1956, 

1959, 

1961, 

1954, 

1914, 

1884, 

1876, 

1895, 

1932, 

1994, 

2038, 

2067, 

2062, 

2029, 

1979, 

1913, 

1864, 

1846, 

1853, 

1860, 

1879, 

1869, 

1864, 

1870, 

1917, 

1961, 

1987, 

1988, 

1975, 

1961, 

1961, 

1960, 

1945, 

1932, 

1932, 

1945, 

1961, 

1966, 

1971, 

1949, 

1923, 

1894, 

1884, 

1899, 

1905, 

1885, 

1856, 

1828, 

1848, 

1894, 

1948, 

1982, 

1994, 

2006, 

2029, 

2044, 

2045, 

2025, 

1974, 

1935, 

1905, 

1897, 

1891, 

1920, 

1964, 

1991, 

1992, 

1968, 

1947, 

1947, 

1960, 

1962, 

1959, 

1979, 

2007, 

2036, 

2061, 

2074, 

2084, 

2099, 

2103, 

2084, 

2031, 

1968, 

1925, 

1907, 

1913, 

1926, 

1956, 

1994, 

2013, 

2009, 

2015, 

2031, 

2073, 

2106, 

2133, 

2151, 

2154, 

2142, 

2107, 

2056, 

2021, 

1979, 

1948, 

1890, 

1893, 

1968, 

2042, 

2100, 

2106, 

2083, 

2037, 

1995, 

1964, 

1946, 

1911, 

1861, 

1829, 

1832, 

1870, 

1923, 

1960, 

1975, 

1969, 

1966, 

1961, 

1944, 

1923, 

1903, 

1896, 

1894, 

1887, 

1875, 

1850, 

1833, 

1837, 

1857, 

1903, 

1930, 

1931, 

1923, 

1913, 

1955, 

1998, 

2026, 

2009, 

1980, 

1952, 

1943, 

1975, 

2040, 

2064, 

2048, 

2049, 

2044, 

2027, 

1983, 

1927, 

1881, 

1823, 

1772, 

1726, 

1677, 

1598, 

1481, 

1372, 

1309, 

1274, 

1246, 

1215, 

1173, 

1137, 

1129, 

1175, 

1264, 

1338, 

1374, 

1403, 

1443, 

1491, 

1567, 

1653, 

1755, 

1863, 

1938, 

1972, 

1975, 

1961, 

1968, 

2001, 

2030, 

2054, 

2086, 

2091, 

2079, 

2055, 

2055, 

2042, 

2023, 

2021, 

2026, 

2003, 

1955, 

1952, 

1989, 

2082, 

2150, 

2180, 

2167, 

2110, 

2059, 

2035, 

2056, 

2080, 

2081, 

2067, 

2023, 

1982, 

1997, 

2025, 

2061, 

2102, 

2157, 

2181, 

2185, 

2154, 

2115, 

2080, 

2046, 

2029, 

2032, 

2052, 

2081, 

2081, 

2079, 

2116, 

2167, 

2211, 

2220, 

2207, 

2179, 

2163, 

2163, 

2145, 

2118, 

2103, 

2111, 

2110, 

2111, 

2124, 

2153, 

2178, 

2203, 

2214, 

2208, 

2188, 

2166, 

2143, 

2147, 

2183, 

2230, 

2267, 

2288, 

2291, 

2301, 

2310, 

2300, 

2291, 

2293, 

2301, 

2319, 

2316, 

2299, 

2286, 

2267, 

2251, 

2227, 

2218, 

2225, 

2258, 

2296, 

2339, 

2380, 

2414, 

2444, 

2445, 

2435, 

2400, 

2364, 

2316, 

2270, 

2232, 

2199, 

2182, 

2175, 

2163, 

2161, 

2160, 

2159, 

2133, 

2099, 

2050, 

2012, 

1995, 

1968, 

1952, 

1973, 

2027, 

2095, 

2125, 

2127, 

2105, 

2051, 

2001, 

1951, 

1914, 

1871, 

1838, 

1804, 

1796, 

1819, 

1881, 

1928, 

1943, 

1925, 

1917, 

1924, 

1942, 

1947, 

1948, 

1949, 

1956, 

1963, 

1960, 

1946, 

1920, 

1891, 

1861, 

1849, 

1861, 

1875, 

1881, 

1886, 

1914, 

1932, 

1911, 

1893, 

1878, 

1874, 

1878, 

1896, 

1920, 

1930, 

1919, 

1892, 

1867, 

1852, 

1857, 

1873, 

1889, 

1904, 

1938, 

1953, 

1956, 

1938, 

1896, 

1854, 

1845, 

1877, 

1934, 

1944, 

1918, 

1880, 

1864, 

1874, 

1894, 

1897, 

1893, 

1893, 

1915, 

1940, 

1970, 

1975, 

1951, 

1881, 

1809, 

1818, 

1874, 

1935, 

1959, 

1956, 

1934, 

1897, 

1854, 

1861, 

1921, 

1974, 

2000, 

2015, 

2031, 

2044, 

2040, 

2017, 

1969, 

1913, 

1871, 

1855, 

1860, 

1879, 

1913, 

1934, 

1918, 

1866, 

1802, 

1779, 

1814, 

1881, 

1947, 

1978, 

1991, 

1972, 

1964, 

1960, 

1936, 

1925, 

1911, 

1900, 

1908, 

1912, 

1903, 

1906, 

1894, 

1882, 

1889, 

1897, 

1899, 

1871, 

1851, 

1856, 

1881, 

1912, 

1925, 

1922, 

1933, 

1945, 

1962, 

1966, 

1931, 

1866, 

1833, 

1850, 

1907, 

1943, 

1952, 

1965, 

1982, 

1982, 

1969, 

1951, 

1931, 

1910, 

1888, 

1902, 

1908, 

1913, 

1920, 

1902, 

1865, 

1839, 

1847, 

1866, 

1906, 

1933, 

1950, 

1956, 

1969, 

1995, 

2005, 

1990, 

1971, 

1959, 

1941, 

1916, 

1894, 

1881, 

1869, 

1856, 

1861, 

1869, 

1888, 

1930, 

1964, 

1980, 

1993, 

1998, 

1970, 

1905, 

1837, 

1835, 

1871, 

1919, 

1970, 

2006, 

2019, 

2014, 

1985, 

1920, 

1863, 

1831, 

1837, 

1841, 

1853, 

1882, 

1912, 

1953, 

1979, 

1986, 

1948, 

1908, 

1889, 

1916, 

1968, 

2016, 

2059, 

2086, 

2074, 

2040, 

2010, 

1968, 

1942, 

1920, 

1943, 

1990, 

2033, 

2061, 

2088, 

2099, 

2089, 

2070, 

2067, 

2055, 

2048, 

2033, 

2038, 

2051, 

2044, 

2013, 

1962, 

1920, 

1889, 

1866, 

1851, 

1859, 

1910, 

1948, 

1979, 

1970, 

1947, 

1911, 

1884, 

1859, 

1844, 

1839, 

1844, 

1871, 

1909, 

1945, 

1955, 

1944, 

1909, 

1891, 

1898, 

1918, 

1926, 

1922, 

1903, 

1908, 

1921, 

1950, 

1985, 

1999, 

1981, 

1952, 

1929, 

1924, 

1923, 

1910, 

1882, 

1871, 

1869, 

1871, 

1874, 

1893, 

1926, 

1961, 

2013, 

2036, 

2038, 

2029, 

2012, 

1987, 

1948, 

1921, 

1890, 

1849, 

1807, 

1742, 

1657, 

1564, 

1472, 

1407, 

1366, 

1325, 

1267, 

1215, 

1164, 

1152, 

1182, 

1241, 

1302, 

1354, 

1408, 

1491, 

1594, 

1681, 

1749, 

1801, 

1837, 

1888, 

1953, 

2003, 

2037, 

2045, 

2058, 

2059, 

2052, 

2031, 

2000, 

1987, 

1956, 

1929, 

1938, 

1976, 

2014, 

2043, 

2078, 

2127, 

2160, 

2185, 

2200, 

2204, 

2196, 

2179, 

2151, 

2116, 

2074, 

2032, 

2011, 

2024, 

2091, 

2136, 

2142, 

2114, 

2101, 

2109, 

2130, 

2146, 

2162, 

2165, 

2154, 

2132, 

2118, 

2119, 

2128, 

2130, 

2118, 

2117, 

2120, 

2115, 

2127, 

2138, 

2148, 

2127, 

2072, 

2029, 

2028, 

2058, 

2098, 

2122, 

2137, 

2153, 

2166, 

2134, 

2063, 

2011, 

1992, 

2007, 

2042, 

2094, 

2199, 

2271, 

2304, 

2304, 

2283, 

2259, 

2260, 

2274, 

2291, 

2308, 

2304, 

2301, 

2292, 

2288, 

2282, 

2266, 

2257, 

2262, 

2284, 

2300, 

2326, 

2343, 

2343, 

2318, 

2290, 

2246, 

2206, 

2198, 

2236, 

2282, 

2282, 

2269, 

2250, 

2261, 

2285, 

2307, 

2311, 

2283, 

2220, 

2120, 

2031, 

2004, 

2031, 

2070, 

2102, 

2118, 

2126, 

2128, 

2107, 

2043, 

1972, 

1898, 

1873, 

1896, 

1938, 

1975, 

2016, 

2044, 

2043, 

2010, 

1957, 

1882, 

1827, 

1799, 

1795, 

1809, 

1816, 

1818, 

1829, 

1876, 

1937, 

1987, 

2021, 

2025, 

2021, 

2003, 

1960, 

1900, 

1852, 

1837, 

1827, 

1832, 

1835, 

1839, 

1842, 

1849, 

1850, 

1859, 

1874, 

1907, 

1927, 

1944, 

1940, 

1904, 

1861, 

1849, 

1855, 

1873, 

1878, 

1883, 

1866, 

1812, 

1748, 

1760, 

1840, 

1920, 

1992, 

2034, 

2061, 

2066, 

2038, 

1990, 

1922, 

1863, 

1824, 

1831, 

1854, 

1887, 

1930, 

1965, 

1978, 

1964, 

1939, 

1903, 

1890, 

1901, 

1916, 

1920, 

1919, 

1924, 

1919, 

1898, 

1868, 

1870, 

1907, 

1960, 

1996, 

1994, 

1957, 

1885, 

1830, 

1814, 

1867, 

1943, 

1982, 

1963, 

1926, 

1939, 

1991, 

2037, 

2051, 

2049, 

2041, 

2002, 

1955, 

1930, 

1911, 

1893, 

1875, 

1878, 

1901, 

1926, 

1925, 

1915, 

1880, 

1851, 

1849, 

1878, 

1908, 

1930, 

1940, 

1928, 

1902, 

1876, 

1861, 

1869, 

1881, 

1882, 

1879, 

1865, 

1879, 

1874, 

1835, 

1792, 

1792, 

1839, 

1892, 

1935, 

1968, 

1996, 

2015, 

2000, 

1957, 

1894, 

1828, 

1784, 

1776, 

1832, 

1908, 

1978, 

2014, 

2021, 

1992, 

1952, 

1931, 

1922, 

1922, 

1939, 

1956, 

1944, 

1905, 

1853, 

1834, 

1835, 

1869, 

1922, 

1948, 

1947, 

1934, 

1915, 

1897, 

1889, 

1886, 

1892, 

1879, 

1831, 

1799, 

1789, 

1856, 

1948, 

2011, 

2008, 

1950, 

1903, 

1882, 

1906, 

1948, 

1960, 

1968, 

1965, 

1957, 

1950, 

1946, 

1955, 

1956, 

1942, 

1934, 

1932, 

1950, 

1962, 

1970, 

1974, 

1972, 

1966, 

1946, 

1931, 

1931, 

1923, 

1933, 

1953, 

1963, 

1939, 

1888, 

1861, 

1872, 

1907, 

1925, 

1892, 

1867, 

1883, 

1919, 

1978, 

2046, 

2089, 

2108, 

2103, 

2093, 

2084, 

2057, 

2046, 

2045, 

2044, 

2054, 

2061, 

2067, 

2060, 

2057, 

2047, 

2020, 

1987, 

1969, 

1969, 

1981, 

2000, 

1998, 

1976, 

1948, 

1931, 

1906, 

1887, 

1875, 

1893, 

1895, 

1889, 

1869, 

1873, 

1891, 

1908, 

1909, 

1894, 

1857, 

1815, 

1779, 

1770, 

1809, 

1864, 

1928, 

1972, 

2007, 

2043, 

2066, 

2057, 

2015, 

1959, 

1925, 

1918, 

1924, 

1942, 

1950, 

1945, 

1929, 

1917, 

1895, 

1892, 

1938, 

2002, 

2076, 

2109, 

2094, 

2031, 

1940, 

1858, 

1791, 

1744, 

1708, 

1667, 

1619, 

1574, 

1525, 

1461, 

1372, 

1292, 

1226, 

1178, 

1144, 

1132, 

1123, 

1123, 

1158, 

1234, 

1346, 

1471, 

1582, 

1658, 

1683, 

1701, 

1757, 

1813, 

1881, 

1962, 

2026, 

2062, 

2074, 

2080, 

2068, 

2045, 

1998, 

1932, 

1887, 

1884, 

1934, 

2012, 

2079, 

2127, 

2149, 

2145, 

2123, 

2101, 

2075, 

2070, 

2042, 

2036, 

2032, 

2024, 

2014, 

1999, 

1970, 

1918, 

1872, 

1884, 

1958, 

2046, 

2089, 

2092, 

2089, 

2102, 

2128, 

2148, 

2147, 

2125, 

2102, 

2074, 

2073, 

2078, 

2090, 

2084, 

2059, 

2028, 

2037, 

2047, 

2060, 

2085, 

2102, 

2096, 

2083, 

2079, 

2083, 

2084, 

2086, 

2103, 

2139, 

2164, 

2176, 

2163, 

2141, 

2120, 

2107, 

2100, 

2122, 

2160, 

2183, 

2179, 

2152, 

2141, 

2162, 

2193, 

2228, 

2247, 

2249, 

2262, 

2266, 

2279, 

2279, 

2274, 

2268, 

2269, 

2266, 

2263, 

2266, 

2257, 

2223, 

2172, 

2143, 

2169, 

2234, 

2308, 

2355, 

2367, 

2366, 

2342, 

2318, 

2290, 

2264, 

2247, 

2232, 

2188, 

2162, 

2152, 

2164, 

2158, 

2142, 

2135, 

2131, 

2105, 

2056, 

2007, 

1980, 

1968, 

1955, 

1916, 

1918, 

1944, 

1988, 

2038, 

2065, 

2058, 

2048, 

2017, 

1989, 

1966, 

1932, 

1903, 

1885, 

1861, 

1832, 

1819, 

1839, 

1868, 

1886, 

1884, 

1884, 

1903, 

1912, 

1891, 

1863, 

1863, 

1874, 

1876, 

1903, 

1934, 

1940, 

1922, 

1905, 

1873, 

1857, 

1824, 

1778, 

1768, 

1804, 

1873, 

1927, 

1953, 

1964, 

1973, 

1962, 

1931, 

1895, 

1874, 

1873, 

1888, 

1909, 

1921, 

1922, 

1924, 

1915, 

1895, 

1891, 

1877, 

1859, 

1832, 

1835, 

1863, 

1903, 

1920, 

1907, 

1888, 

1880, 

1883, 

1902, 

1932, 

1946, 

1941, 

1924, 

1932, 

1939, 

1936, 

1931, 

1933, 

1946, 

1967, 

1987, 

1970, 

1920, 

1863, 

1842, 

1857, 

1895, 

1923, 

1933, 

1965, 

1981, 

1951, 

1887, 

1844, 

1850, 

1888, 

1925, 

1941, 

1956, 

1976, 

2007, 

2008, 

2005, 

1969, 

1938, 

1906, 

1878, 

1857, 

1840, 

1843, 

1851, 

1866, 

1871, 

1860, 

1854, 

1851, 

1866, 

1884, 

1904, 

1920, 

1933, 

1947, 

1930, 

1918, 

1910, 

1891, 

1870, 

1863, 

1868, 

1892, 

1909, 

1925, 

1926, 

1918, 

1904, 

1884, 

1873, 

1859, 

1856, 

1885, 

1926, 

1972, 

2005, 

1998, 

1965, 

1919, 

1897, 

1893, 

1893, 

1883, 

1863, 

1853, 

1870, 

1878, 

1882, 

1880, 

1868, 

1863, 

1880, 

1912, 

1932, 

1932, 

1939, 

1937, 

1957, 

1989, 

1993, 

1980, 

1948, 

1910, 

1888, 

1873, 

1879, 

1894, 

1915, 

1932, 

1955, 

1972, 

1961, 

1928, 

1885, 

1855, 

1874, 

1903, 

1914, 

1910, 

1905, 

1928, 

1932, 

1905, 

1874, 

1845, 

1836, 

1846, 

1882, 

1910, 

1913, 

1925, 

1950, 

1960, 

1952, 

1933, 

1919, 

1892, 

1846, 

1766, 

1710, 

1730, 

1798, 

1858, 

1883, 

1896, 

1903, 

1915, 

1923, 

1916, 

1903, 

1909, 

1924, 

1951, 

1976, 

1986, 

1965, 

1938, 

1916, 

1897, 

1877, 

1856, 

1873, 

1900, 

1930, 

1953, 

1960, 

1956, 

1956, 

1943, 

1925, 

1911, 

1912, 

1909, 

1916, 

1923, 

1912, 

1884, 

1837, 

1818, 

1849, 

1918, 

1959, 

1985, 

1986, 

1977, 

1990, 

2023, 

2032, 

2046, 

2055, 

2041, 

2015, 

2012, 

2047, 

2070, 

2087, 

2060, 

2022, 

1968, 

1930, 

1894, 

1896, 

1917, 

1939, 

1944, 

1948, 

1925, 

1903, 

1875, 

1853, 

1843, 

1834, 

1820, 

1829, 

1854, 

1900, 

1929, 

1927, 

1895, 

1844, 

1797, 

1767, 

1757, 

1768, 

1763, 

1775, 

1827, 

1902, 

1955, 

1959, 

1948, 

1933, 

1925, 

1918, 

1924, 

1911, 

1882, 

1840, 

1817, 

1848, 

1910, 

1969, 

2007, 

2005, 

2007, 

2007, 

1995, 

1965, 

1941, 

1911, 

1855, 

1793, 

1749, 

1717, 

1687, 

1666, 

1643, 

1597, 

1525, 

1406, 

1262, 

1162, 

1127, 

1135, 

1152, 

1136, 

1077, 

1024, 

1022, 

1089, 

1204, 

1332, 

1460, 

1571, 

1666, 

1745, 

1823, 

1866, 

1853, 

1810, 

1778, 

1799, 

1855, 

1924, 

2020, 

2083, 

2107, 

2100, 

2071, 

2041, 

2022, 

2009, 

2014, 

2000, 

1963, 

1926, 

1922, 

1958, 

1985, 

2015, 

2061, 

2097, 

2105, 

2103, 

2081, 

2054, 

2006, 

1967, 

1976, 

2011, 

2047, 

2083, 

2089, 

2088, 

2077, 

2058, 

2045, 

2046, 

2045, 

2047, 

2044, 

2036, 

2018, 

1999, 

1957, 

1920, 

1928, 

1960, 

2035, 

2107, 

2139, 

2154, 

2152, 

2141, 

2126, 

2129, 

2147, 

2145, 

2132, 

2110, 

2108, 

2114, 

2114, 

2099, 

2096, 

2110, 

2129, 

2141, 

2140, 

2136, 

2150, 

2157, 

2139, 

2095, 

2062, 

2067, 

2111, 

2173, 

2220, 

2249, 

2252, 

2250, 

2247, 

2241, 

2229, 

2234, 

2240, 

2223, 

2185, 

2170, 

2203, 

2278, 

2345, 

2361, 

2343, 

2313, 

2297, 

2301, 

2295, 

2270, 

2244, 

2238, 

2221, 

2197, 

2204, 

2219, 

2220, 

2220, 

2200, 

2174, 

2140, 

2115, 

2095, 

2082, 

2064, 

2031, 

1998, 

1997, 

2003, 

2002, 

1987, 

1948, 

1920, 

1894, 

1882, 

1883, 

1874, 

1845, 

1819, 

1837, 

1882, 

1900, 

1904, 

1910, 

1920, 

1936, 

1939, 

1952, 

1950, 

1931, 

1887, 

1824, 

1762, 

1745, 

1766, 

1801, 

1831, 

1854, 

1894, 

1927, 

1947, 

1940, 

1909, 

1881, 

1868, 

1880, 

1883, 

1871, 

1838, 

1795, 

1786, 

1810, 

1850, 

1890, 

1921, 

1943, 

1954, 

1940, 

1891, 

1833, 

1792, 

1777, 

1791, 

1821, 

1857, 

1883, 

1913, 

1944, 

1940, 

1880, 

1791, 

1734, 

1753, 

1819, 

1903, 

1962, 

1984, 

1993, 

1974, 

1944, 

1904, 

1890, 

1887, 

1883, 

1871, 

1865, 

1866, 

1867, 

1871, 

1881, 

1884, 

1893, 

1890, 

1884, 

1899, 

1910, 

1921, 

1916, 

1893, 

1865, 

1860, 

1892, 

1942, 

1983, 

2004, 

2018, 

2019, 

2001, 

1951, 

1875, 

1804, 

1773, 

1805, 

1863, 

1918, 

1949, 

1969, 

1992, 

2009, 

2017, 

2010, 

1985, 

1947, 

1905, 

1880, 

1884, 

1895, 

1890, 

1890, 

1876, 

1860, 

1830, 

1786, 

1785, 

1823, 

1852, 

1856, 

1857, 

1883, 

1934, 

1978, 

1993, 

1986, 

1973, 

1953, 

1925, 

1882, 

1827, 

1819, 

1829, 

1848, 

1878, 

1912, 

1929, 

1935, 

1947, 

1956, 

1949, 

1954, 

1952, 

1946, 

1952, 

1950, 

1943, 

1908, 

1865, 

1837, 

1850, 

1869, 

1892, 

1934, 

1958, 

1940, 

1879, 

1839, 

1858, 

1896, 

1938, 

1970, 

1990, 

1991, 

1962, 

1913, 

1848, 

1801, 

1825, 

1884, 

1933, 

1970, 

1978, 

1962, 

1945, 

1943, 

1956, 

1981, 

1976, 

1967, 

1976, 

2003, 

2026, 

2023, 

1988, 

1911, 

1855, 

1834, 

1845, 

1867, 

1889, 

1885, 

1882, 

1873, 

1863, 

1851, 

1867, 

1892, 

1927, 

1962, 

1989, 

1976, 

1942, 

1905, 

1883, 

1890, 

1918, 

1959, 

1966, 

1909, 

1822, 

1769, 

1793, 

1869, 

1941, 

1981, 

1983, 

1969, 

1981, 

1997, 

1998, 

1991, 

1976, 

1966, 

1949, 

1936, 

1931, 

1925, 

1907, 

1870, 

1842, 

1848, 

1879, 

1929, 

1975, 

1990, 

1987, 

1979, 

1965, 

1935, 

1929, 

1939, 

1938, 

1945, 

1970, 

1979, 

1966, 

1931, 

1891, 

1839, 

1783, 

1794, 

1870, 

1983, 

2055, 

2110, 

2143, 

2156, 

2155, 

2093, 

2023, 

1968, 

1949, 

1969, 

1998, 

2042, 

2075, 

2093, 

2096, 

2070, 

2009, 

1929, 

1877, 

1858, 

1869, 

1893, 

1909, 

1906, 

1882, 

1859, 

1845, 

1823, 

1804, 

1807, 

1857, 

1887, 

1910, 

1899, 

1875, 

1860, 

1896, 

1943, 

1964, 

1951, 

1929, 

1907, 

1884, 

1859, 

1842, 

1850, 

1886, 

1938, 

1963, 

1951, 

1907, 

1878, 

1881, 

1889, 

1910, 

1935, 

1949, 

1937, 

1929, 

1927, 

1965, 

2005, 

2014, 

2008, 

1994, 

1978, 

1939, 

1880, 

1830, 

1807, 

1799, 

1800, 

1789, 

1762, 

1725, 

1669, 

1581, 

1465, 

1313, 

1166, 

1052, 

993, 

1029, 

1114, 

1228, 

1321, 

1391, 

1438, 

1477, 

1523, 

1576, 

1652, 

1741, 

1826, 

1902, 

1944, 

1963, 

1974, 

1977, 

1973, 

1977, 

1998, 

2025, 

2065, 

2094, 

2103, 

2094, 

2082, 

2066, 

2065, 

2068, 

2062, 

2064, 

2052, 

2028, 

2013, 

2017, 

2043, 

2065, 

2069, 

2082, 

2121, 

2148, 

2155, 

2143, 

2125, 

2114, 

2110, 

2098, 

2097, 

2112, 

2128, 

2138, 

2134, 

2117, 

2078, 

2062, 

2051, 

2048, 

2064, 

2094, 

2109, 

2116, 

2110, 

2120, 

2134, 

2130, 

2140, 

2154, 

2169, 

2158, 

2131, 

2105, 

2090, 

2088, 

2078, 

2058, 

2045, 

2068, 

2120, 

2182, 

2212, 

2226, 

2218, 

2223, 

2223, 

2234, 

2250, 

2247, 

2218, 

2177, 

2140, 

2124, 

2143, 

2179, 

2233, 

2300, 

2348, 

2363, 

2354, 

2337, 

2324, 

2303, 

2276, 

2261, 

2242, 

2225, 

2232, 

2273, 

2345, 

2413, 

2447, 

2443, 

2425, 

2387, 

2340, 

2292, 

2227, 

2181, 

2124, 

2076, 

2083, 

2142, 

2215, 

2273, 

2298, 

2315, 

2305, 

2254, 

2176, 

2097, 

2072, 

2066, 

2036, 

1983, 

1944, 

1974, 

2036, 

2076, 

2089, 

2079, 

2073, 

2063, 

2045, 

2024, 

1998, 

1972, 

1938, 

1914, 

1877, 

1830, 

1805, 

1811, 

1814, 

1808, 

1810, 

1840, 

1898, 

1956, 

2028, 

2053, 

2030, 

1981, 

1929, 

1890, 

1861, 

1853, 

1873, 

1898, 

1904, 

1909, 

1877, 

1819, 

1768, 

1769, 

1810, 

1845, 

1896, 

1940, 

1976, 

1981, 

1973, 

1952, 

1915, 

1868, 

1818, 

1798, 

1799, 

1833, 

1902, 

1971, 

2017, 

2059, 

2052, 

2019, 

2013, 

2010, 

1990, 

1956, 

1919, 

1909, 

1920, 

1932, 

1945, 

1961, 

1958, 

1946, 

1946, 

1937, 

1940, 

1952, 

1946, 

1907, 

1866, 

1849, 

1843, 

1836, 

1872, 

1931, 

1992, 

2046, 

2081, 

2084, 

2043, 

1983, 

1901, 

1851, 

1834, 

1852, 

1871, 

1870, 

1859, 

1866, 

1903, 

1941, 

1944, 

1966, 

1987, 

2020, 

2055, 

2076, 

2077, 

2057, 

2017, 

1963, 

1911, 

1886, 

1885, 

1901, 

1929, 

1922, 

1874, 

1848, 

1866, 

1926, 

1987, 

2016, 

2021, 

2004, 

1970, 

1950, 

1941, 

1936, 

1931, 

1927, 

1890, 

1857, 

1846, 

1877, 

1950, 

2018, 

2043, 

2030, 

2002, 

1973, 

1949, 

1922, 

1903, 

1873, 

1888, 

1915, 

1943, 

1977, 

2010, 

2032, 

2018, 

1990, 

1947, 

1929, 

1936, 

1966, 

1988, 

2009, 

2007, 

1992, 

1959, 

1918, 

1864, 

1832, 

1835, 

1865, 

1907, 

1961, 

1996, 

2012, 

2034, 

2027, 

1990, 

1974, 

2005, 

2022, 

2015, 

1995, 

1970, 

1977, 

2000, 

2022, 

2026, 

2011, 

1993, 

1976, 

1962, 

1952, 

1955, 

1942, 

1916, 

1893, 

1874, 

1861, 

1853, 

1883, 

1946, 

1986, 

2020, 

2031, 

2033, 

2024, 

2010, 

1975, 

1943, 

1924, 

1920, 

1923, 

1932, 

1943, 

1975, 

1987, 

1960, 

1940, 

1946, 

1955, 

1974, 

1991, 

1985, 

1978, 

1979, 

1966, 

1939, 

1914, 

1893, 

1901, 

1932, 

1978, 

2008, 

2027, 

2032, 

2012, 

1963, 

1899, 

1865, 

1893, 

1945, 

2019, 

2068, 

2102, 

2130, 

2147, 

2137, 

2095, 

2041, 

2000, 

1989, 

1992, 

1984, 

1975, 

1968, 

1977, 

1996, 

2009, 

2037, 

2071, 

2098, 

2151, 

2195, 

2197, 

2162, 

2111, 

2055, 

2003, 

1974, 

1970, 

1972, 

1953, 

1918, 

1875, 

1854, 

1878, 

1939, 

2013, 

2049, 

2054, 

2034, 

2005, 

1962, 

1924, 

1909, 

1925, 

1940, 

1942, 

1953, 

1964, 

1959, 

1966, 

1957, 

1937, 

1921, 

1918, 

1923, 

1953, 

1974, 

1975, 

1957, 

1926, 

1889, 

1858, 

1855, 

1885, 

1940, 

1991, 

2015, 

2048, 

2081, 

2098, 

2081, 

2049, 

1997, 

2018, 

2073, 

2123, 

2135, 

2107, 

2053, 

1984, 

1930, 

1897, 

1876, 

1856, 

1812, 

1753, 

1674, 

1587, 

1511, 

1441, 

1386, 

1318, 

1255, 

1222, 

1209, 

1248, 

1343, 

1438, 

1494, 

1518, 

1519, 

1529, 

1568, 

1637, 

1734, 

1849, 

1934, 

1973, 

2005, 

2034, 

2068, 

2101, 

2075, 

2052, 

2065, 

2073, 

2095, 

2108, 

2119, 

2119, 

2117, 

2113, 

2091, 

2080, 

2065, 

2058, 

2063, 

2077, 

2100, 

2121, 

2161, 

2196, 

2208, 

2199, 

2183, 

2172, 

2141, 

2129, 

2117, 

2089, 

2058, 

2006, 

1971, 

1966, 

2019, 

2105, 

2192, 

2228, 

2233, 

2217, 

2209, 

2209, 

2216, 

2203, 

2179, 

2157, 

2140, 

2117, 

2101, 

2102, 

2106, 

2093, 

2077, 

2101, 

2138, 

2158, 

2174, 

2197, 

2226, 

2251, 

2258, 

2254, 

2231, 

2211, 

2175, 

2149, 

2148, 

2163, 

2193, 

2225, 

2246, 

2266, 

2271, 

2271, 

2279, 

2284, 

2297, 

2323, 

2345, 

2360, 

2383, 

2409, 

2421, 

2423, 

2407, 

2380, 

2344, 

2311, 

2288, 

2285, 

2315, 

2345, 

2364, 

2339, 

2292, 

2242, 

2210, 

2209, 

2239, 

2274, 

2287, 

2311, 

2336, 

2346, 

2355, 

2350, 

2327, 

2279, 

2234, 

2192, 

2162, 

2143, 

2129, 

2126, 

2123, 

2121, 

2098, 

2032, 

1941, 

1888, 

1879, 

1888, 

1921, 

1963, 

2004, 

2042, 

2066, 

2071, 

2061, 

2057, 

2043, 

2016, 

1982, 

1951, 

1902, 

1850, 

1831, 

1858, 

1886, 

1886, 

1872, 

1860, 

1856, 

1874, 

1911, 

1961, 

1994, 

1989, 

1982, 

1974, 

1976, 

1981, 

1991, 

1990, 

1983, 

1967, 

1941, 

1920, 

1900, 

1888, 

1900, 

1906, 

1915, 

1922, 

1950, 

1994, 

2011, 

2005, 

1997, 

1986, 

1958, 

1915, 

1865, 

1844, 

1836, 

1833, 

1861, 

1922, 

1982, 

2028, 

2052, 

2064, 

2058, 

2042, 

2017, 

1946, 

1857, 

1815, 

1835, 

1887, 

1956, 

2014, 

2075, 

2113, 

2112, 

2077, 

2006, 

1940, 

1905, 

1921, 

1943, 

1983, 

2001, 

2001, 

1997, 

1992, 

1983, 

1976, 

1973, 

1965, 

1955, 

1937, 

1929, 

1939, 

1952, 

1978, 

2000, 

2011, 

2000, 

1982, 

1958, 

1925, 

1891, 

1883, 

1917, 

1958, 

1992, 

2001, 

2006, 

2016, 

2033, 

2029, 

2010, 

1993, 

1967, 

1936, 

1913, 

1919, 

1932, 

1962, 

1982, 

1972, 

1952, 

1943, 

1960, 

1975, 

1958, 

1914, 

1867, 

1852, 

1875, 

1922, 

1983, 

2026, 

2042, 

2033, 

2010, 

1980, 

1953, 

1925, 

1899, 

1864, 

1846, 

1851, 

1895, 

1940, 

1978, 

2000, 

2037, 

2065, 

2076, 

2041, 

1976, 

1931, 

1892, 

1876, 

1899, 

1949, 

2011, 

2062, 

2094, 

2091, 

2052, 

2007, 

1950, 

1896, 

1885, 

1932, 

1985, 

2036, 

2054, 

2055, 

2031, 

1985, 

1927, 

1878, 

1865, 

1894, 

1921, 

1949, 

1966, 

1985, 

1993, 

2003, 

1984, 

1955, 

1905, 

1857, 

1823, 

1842, 

1883, 

1900, 

1908, 

1962, 

2042, 

2081, 

2094, 

2075, 

2045, 

1995, 

1944, 

1913, 

1898, 

1922, 

1952, 

1985, 

2018, 

2034, 

2043, 

2052, 

2062, 

2059, 

2051, 

2033, 

2003, 

1979, 

1976, 

2004, 

2035, 

2033, 

2003, 

1972, 

1960, 

1961, 

1972, 

2010, 

2055, 

2079, 

2067, 

2022, 

1988, 

2004, 

2031, 

2062, 

2058, 

2030, 

2012, 

2008, 

2019, 

2022, 

2018, 

2019, 

2036, 

2058, 

2060, 

2038, 

1997, 

1961, 

1943, 

1940, 

1945, 

1938, 

1929, 

1913, 

1913, 

1934, 

1950, 

1955, 

1930, 

1892, 

1867, 

1868, 

1893, 

1918, 

1933, 

1920, 

1882, 

1829, 

1801, 

1818, 

1884, 

1957, 

1991, 

2002, 

1995, 

1974, 

1931, 

1898, 

1885, 

1893, 

1920, 

1963, 

1988, 

2007, 

2022, 

2041, 

2051, 

2038, 

1981, 

1904, 

1840, 

1783, 

1741, 

1699, 

1653, 

1633, 

1651, 

1686, 

1714, 

1720, 

1638, 

1505, 

1372, 

1267, 

1215, 

1185, 

1152, 

1124, 

1127, 

1176, 

1278, 

1394, 

1495, 

1582, 

1630, 

1678, 

1731, 

1810, 

1893, 

1964, 

1994, 

1982, 

1960, 

1964, 

1976, 

1990, 

2006, 

2040, 

2070, 

2082, 

2060, 

2045, 

2054, 

2056, 

2050, 

2031, 

2012, 

2039, 

2077, 

2110, 

2143, 

2171, 

2169, 

2129, 

2080, 

2044, 

2046, 

2060, 

2089, 

2123, 

2156, 

2189, 

2201, 

2191, 

2165, 

2137, 

2109, 

2086, 

2083, 

2097, 

2120, 

2126, 

2119, 

2126, 

2122, 

2113, 

2118, 

2127, 

2151, 

2177, 

2188, 

2179, 

2168, 

2143, 

2109, 

2094, 

2109, 

2109, 

2083, 

2030, 

1996, 

2018, 

2067, 

2133, 

2192, 

2252, 

2290, 

2271, 

2227, 

2204, 

2196, 

2201, 

2220, 

2249, 

2265, 

2269, 

2285, 

2285, 

2283, 

2277, 

2282, 

2268, 

2263, 

2264, 

2278, 

2299, 

2310, 

2307, 

2302, 

2289, 

2281, 

2296, 

2300, 

2285, 

2245, 

2201, 

2153, 

2126, 

2175, 

2266, 

2331, 

2355, 

2349, 

2344, 

2343, 

2324, 

2290, 

2253, 

2217, 

2190, 

2181, 

2178, 

2157, 

2115, 

2075, 

2055, 

2064, 

2083, 

2102, 

2111, 

2109, 

2093, 

2067, 

2035, 

1987, 

1938, 

1907, 

1875, 

1879, 

1895, 

1891, 

1870, 

1863, 

1874, 

1908, 

1945, 

1958, 

1951, 

1928, 

1909, 

1892, 

1857, 

1812, 

1787, 

1826, 

1901, 

1980, 

2017, 

2017, 

1982, 

1944, 

1901, 

1887, 

1900, 

1902, 

1894, 

1880, 

1867, 

1872, 

1872, 

1874, 

1883, 

1887, 

1895, 

1914, 

1924, 

1933, 

1936, 

1921, 

1904, 

1884, 

1855, 

1833, 

1830, 

1834, 

1836, 

1858, 

1878, 

1911, 

1930, 

1924, 

1922, 

1919, 

1922, 

1926, 

1916, 

1901, 

1899, 

1901, 

1879, 

1868, 

1876, 

1893, 

1931, 

1949, 

1931, 

1916, 

1923, 

1956, 

1981, 

1987, 

1987, 

1989, 

1986, 

1971, 

1938, 

1905, 

1896, 

1923, 

1951, 

1965, 

1969, 

1973, 

1967, 

1955, 

1946, 

1924, 

1906, 

1882, 

1869, 

1906, 

1960, 

1991, 

2001, 

1999, 

1966, 

1896, 

1817, 

1768, 

1798, 

1874, 

1957, 

2005, 

2023, 

2025, 

2015, 

1990, 

1968, 

1942, 

1917, 

1903, 

1907, 

1931, 

1961, 

1974, 

1947, 

1899, 

1850, 

1847, 

1890, 

1928, 

1977, 

2013, 

2029, 

2031, 

2025, 

2000, 

1941, 

1883, 

1850, 

1869, 

1909, 

1940, 

1971, 

1987, 

1986, 

1991, 

2003, 

2018, 

2005, 

1947, 

1901, 

1877, 

1859, 

1853, 

1855, 

1888, 

1956, 

2010, 

2036, 

2028, 

1991, 

1947, 

1919, 

1923, 

1948, 

1985, 

2015, 

2031, 

2026, 

2010, 

1984, 

1944, 

1915, 

1905, 

1912, 

1914, 

1924, 

1942, 

1957, 

1958, 

1944, 

1927, 

1912, 

1916, 

1945, 

1972, 

2003, 

2022, 

2021, 

2001, 

1971, 

1957, 

1936, 

1881, 

1844, 

1839, 

1883, 

1925, 

1935, 

1930, 

1924, 

1921, 

1928, 

1933, 

1949, 

1952, 

1957, 

1929, 

1876, 

1839, 

1859, 

1909, 

1958, 

2006, 

2037, 

2053, 

2040, 

2020, 

2010, 

1992, 

1962, 

1941, 

1928, 

1943, 

1951, 

1949, 

1952, 

1970, 

1973, 

1949, 

1925, 

1940, 

1994, 

2051, 

2098, 

2113, 

2084, 

2035, 

1949, 

1857, 

1791, 

1804, 

1885, 

1969, 

2023, 

2078, 

2127, 

2148, 

2121, 

2085, 

2057, 

2050, 

2045, 

2036, 

2042, 

2067, 

2080, 

2079, 

2047, 

2009, 

1987, 

1968, 

1942, 

1908, 

1879, 

1878, 

1884, 

1898, 

1926, 

1941, 

1955, 

1966, 

1965, 

1959, 

1945, 

1927, 

1904, 

1881, 

1850, 

1831, 

1809, 

1794, 

1809, 

1863, 

1905, 

1925, 

1932, 

1963, 

1974, 

1956, 

1920, 

1867, 

1854, 

1872, 

1903, 

1938, 

1968, 

1991, 

1989, 

1964, 

1914, 

1880, 

1909, 

1973, 

2026, 

2053, 

2053, 

2024, 

1966, 

1875, 

1761, 

1655, 

1604, 

1599, 

1609, 

1617, 

1610, 

1598, 

1544, 

1445, 

1336, 

1233, 

1140, 

1066, 

1059, 

1105, 

1199, 

1285, 

1357, 

1403, 

1464, 

1545, 

1642, 

1723, 

1782, 

1808, 

1821, 

1852, 

1872, 

1897, 

1930, 

1981, 

2022, 

2033, 

2035, 

2031, 

2046, 

2074, 

2084, 

2068, 

2022, 

1995, 

2016, 

2038, 

2050, 

2057, 

2062, 

2090, 

2106, 

2105, 

2079, 

2045, 

2062, 

2113, 

2146, 

2156, 

2154, 

2154, 

2145, 

2113, 

2077, 

2054, 

2062, 

2085, 

2106, 

2117, 

2120, 

2129, 

2125, 

2094, 

2049, 

2013, 

2013, 

2039, 

2062, 

2055, 

2052, 

2063, 

2073, 

2113, 

2138, 

2145, 

2139, 

2150, 

2172, 

2179, 

2160, 

2127, 

2073, 

2037, 

2020, 

2023, 

2074, 

2111, 

2125, 

2113, 

2095, 

2078, 

2083, 

2108, 

2129, 

2144, 

2156, 

2195, 

2228, 

2245, 

2237, 

2220, 

2231, 

2251, 

2273, 

2274, 

2283, 

2285, 

2291, 

2295, 

2285, 

2265, 

2251, 

2239, 

2212, 

2169, 

2152, 

2194, 

2246, 

2277, 

2293, 

2291, 

2302, 

2290, 

2263, 

2248, 

2241, 

2217, 

2195, 

2156, 

2106, 

2074, 

2070, 

2098, 

2125, 

2124, 

2104, 

2086, 

2070, 

2046, 

2009, 

1974, 

1965, 

1969, 

1962, 

1958, 

1959, 

1953, 

1937, 

1914, 

1892, 

1883, 

1865, 

1833, 

1802, 

1785, 

1807, 

1885, 

1922, 

1936, 

1918, 

1883, 

1850, 

1863, 

1896, 

1924, 

1928, 

1923, 

1904, 

1898, 

1913, 

1938, 

1958, 

1955, 

1944, 

1914, 

1887, 

1867, 

1851, 

1837, 

1833, 

1825, 

1797, 

1771, 

1782, 

1823, 

1873, 

1924, 

1962, 

1989, 

1979, 

1942, 

1897, 

1863, 

1839, 

1812, 

1779, 

1740, 

1710, 

1715, 

1777, 

1874, 

1949, 

1998, 

2030, 

2049, 

2055, 

2027, 

1986, 

1946, 

1913, 

1891, 

1894, 

1898, 

1863, 

1853, 

1827, 

1827, 

1825, 

1843, 

1864, 

1880, 

1885, 

1895, 

1920, 

1937, 

1918, 

1884, 

1854, 

1855, 

1892, 

1931, 

1944, 

1924, 

1880, 

1817, 

1768, 

1750, 

1731, 

1732, 

1815, 

1919, 

1979, 

1983, 

1969, 

1962, 

1949, 

1949, 

1960, 

1962, 

1952, 

1926, 

1879, 

1841, 

1828, 

1836, 

1865, 

1883, 

1876, 

1878, 

1889, 

1900, 

1906, 

1919, 

1931, 

1925, 

1906, 

1885, 

1877, 

1885, 

1878, 

1873, 

1845, 

1826, 

1820, 

1829, 

1841, 

1878, 

1904, 

1912, 

1903, 

1879, 

1849, 

1832, 

1840, 

1864, 

1912, 

1941, 

1956, 

1938, 

1912, 

1890, 

1900, 

1907, 

1898, 

1904, 

1924, 

1934, 

1934, 

1923, 

1920, 

1922, 

1920, 

1900, 

1893, 

1903, 

1911, 

1893, 

1865, 

1844, 

1850, 

1852, 

1857, 

1877, 

1898, 

1897, 

1910, 

1923, 

1938, 

1955, 

1965, 

1957, 

1939, 

1912, 

1882, 

1836, 

1797, 

1777, 

1808, 

1861, 

1915, 

1922, 

1923, 

1928, 

1945, 

1960, 

1955, 

1929, 

1887, 

1870, 

1873, 

1906, 

1929, 

1928, 

1915, 

1891, 

1873, 

1859, 

1851, 

1865, 

1901, 

1934, 

1952, 

1966, 

1965, 

1945, 

1914, 

1896, 

1890, 

1877, 

1866, 

1847, 

1833, 

1854, 

1895, 

1922, 

1924, 

1906, 

1889, 

1883, 

1897, 

1916, 

1934, 

1944, 

1952, 

1961, 

1976, 

1978, 

1976, 

1950, 

1926, 

1920, 

1912, 

1911, 

1913, 

1904, 

1886, 

1863, 

1855, 

1864, 

1873, 

1869, 

1875, 

1875, 

1907, 

1945, 

1976, 

1998, 

2020, 

2037, 

2044, 

2036, 

1997, 

1947, 

1883, 

1829, 

1815, 

1844, 

1899, 

1956, 

2009, 

2021, 

2000, 

1967, 

1940, 

1945, 

1968, 

2011, 

2051, 

2097, 

2133, 

2139, 

2108, 

2067, 

2000, 

1923, 

1863, 

1851, 

1895, 

1942, 

1982, 

2007, 

2026, 

2024, 

2002, 

1975, 

1938, 

1918, 

1901, 

1899, 

1911, 

1911, 

1890, 

1873, 

1864, 

1868, 

1875, 

1894, 

1890, 

1867, 

1834, 

1797, 

1775, 

1778, 

1806, 

1813, 

1835, 

1859, 

1884, 

1908, 

1924, 

1935, 

1935, 

1926, 

1922, 

1911, 

1900, 

1913, 

1938, 

1963, 

1980, 

1969, 

1951, 

1952, 

1979, 

1991, 

1963, 

1917, 

1888, 

1884, 

1897, 

1911, 

1892, 

1858, 

1806, 

1753, 

1714, 

1669, 

1610, 

1530, 

1424, 

1319, 

1236, 

1200, 

1168, 

1131, 

1087, 

1092, 

1145, 

1233, 

1300, 

1350, 

1429, 

1542, 

1648, 

1718, 

1762, 

1800, 

1843, 

1884, 

1925, 

1953, 

1979, 

1990, 

2013, 

2047, 

2082, 

2087, 

2080, 

2057, 

2006, 

1956, 

1906, 

1905, 

1934, 

1983, 

1999, 

1987, 

1977, 

2000, 

2029, 

2046, 

2064, 

2070, 

2102, 

2161, 

2206, 

2231, 

2224, 

2186, 

2114, 

2022, 

1956, 

1937, 

1958, 

1998, 

2060, 

2115, 

2153, 

2192, 

2197, 

2172, 

2141, 

2122, 

2109, 

2108, 

2113, 

2127, 

2139, 

2132, 

2119, 

2105, 

2094, 

2086, 

2086, 

2091, 

2106, 

2117, 

2095, 

2059, 

2034, 

2037, 

2035, 

2007, 

1992, 

2009, 

2088, 

2193, 

2268, 

2282, 

2262, 

2244, 

2241, 

2244, 

2243, 

2225, 

2176, 

2127, 

2130, 

2176, 

2237, 

2271, 

2290, 

2298, 

2301, 

2310, 

2326, 

2328, 

2308, 

2286, 

2266, 

2265, 

2281, 

2311, 

2332, 

2359, 

2381, 

2395, 

2406, 

2399, 

2366, 

2318, 

2284, 

2271, 

2251, 

2233, 

2216, 

2213, 

2215, 

2221, 

2203, 

2174, 

2131, 

2065, 

1990, 

1956, 

1994, 

2051, 

2105, 

2124, 

2121, 

2111, 

2106, 

2070, 

2011, 

1947, 

1911, 

1903, 

1913, 

1935, 

1950, 

1933, 

1923, 

1934, 

1955, 

1960, 

1957, 

1941, 

1920, 

1909, 

1896, 

1881, 

1871, 

1868, 

1883, 

1908, 

1936, 

1978, 

2006, 

2021, 

2004, 

1961, 

1898, 

1845, 

1823, 

1832, 

1868, 

1913, 

1941, 

1940, 

1917, 

1895, 

1891, 

1883, 

1889, 

1900, 

1915, 

1947, 

1955, 

1936, 

1894, 

1886, 

1922, 

1970, 

2003, 

2028, 

2051, 

2058, 

2040, 

2025, 

1998, 

1978, 

1962, 

1935, 

1913, 

1903, 

1897, 

1888, 

1906, 

1952, 

1991, 

2004, 

2005, 

2001, 

2015, 

2023, 

2014, 

1993, 

1961, 

1890, 

1844, 

1860, 

1912, 

1988, 

2042, 

2083, 

2087, 

2062, 

2014, 

1928, 

1859, 

1842, 

1846, 

1856, 

1882, 

1912, 

1956, 

1978, 

1979, 

1959, 

1934, 

1917, 

1936, 

1957, 

1956, 

1947, 

1963, 

1977, 

1992, 

2002, 

1973, 

1920, 

1875, 

1868, 

1893, 

1952, 

1991, 

2015, 

2017, 

1989, 

1965, 

1944, 

1920, 

1921, 

1926, 

1921, 

1925, 

1938, 

1950, 

1953, 

1954, 

1950, 

1938, 

1926, 

1920, 

1927, 

1917, 

1928, 

1956, 

1966, 

1953, 

1918, 

1882, 

1830, 

1808, 

1838, 

1883, 

1950, 

2022, 

2063, 

2062, 

2034, 

1997, 

1942, 

1908, 

1899, 

1895, 

1898, 

1920, 

1950, 

1988, 

2001, 

1995, 

1979, 

1965, 

1957, 

1960, 

1981, 

1990, 

1993, 

1991, 

1991, 

1976, 

1940, 

1904, 

1878, 

1884, 

1910, 

1940, 

1953, 

1963, 

1963, 

1964, 

1947, 

1913, 

1902, 

1902, 

1918, 

1934, 

1959, 

1975, 

1982, 

1990, 

1991, 

1988, 

1970, 

1948, 

1935, 

1947, 

1951, 

1953, 

1951, 

1954, 

1943, 

1954, 

1952, 

1951, 

1946, 

1944, 

1967, 

1977, 

1978, 

1982, 

1998, 

2005, 

1999, 

1998, 

2007, 

2004, 

1995, 

2000, 

1992, 

1963, 

1914, 

1889, 

1907, 

1937, 

1954, 

1972, 

1979, 

1990, 

1989, 

1988, 

1984, 

1968, 

1937, 

1902, 

1892, 

1900, 

1926, 

1958, 

2001, 

2044, 

2075, 

2087, 

2084, 

2066, 

2036, 

1996, 

1971, 

1972, 

1975, 

1988, 

1991, 

1991, 

1976, 

1977, 

2006, 

2022, 

2019, 

2034, 

2055, 

2059, 

2058, 

2032, 

2014, 

1996, 

1985, 

2012, 

2061, 

2094, 

2090, 

2089, 

2071, 

2051, 

2029, 

2009, 

2015, 

2019, 

2021, 

2030, 

2035, 

2036, 

2023, 

1998, 

1958, 

1925, 

1904, 

1904, 

1931, 

1968, 

1991, 

1986, 

1973, 

1957, 

1966, 

1984, 

1994, 

1972, 

1941, 

1926, 

1936, 

1962, 

1958, 

1938, 

1894, 

1874, 

1908, 

1969, 

1991, 

1972, 

1934, 

1893, 

1870, 

1867, 

1891, 

1939, 

1974, 

1982, 

1980, 

2007, 

2042, 

2089, 

2122, 

2139, 

2132, 

2109, 

2071, 

2013, 

1938, 

1889, 

1856, 

1824, 

1779, 

1730, 

1671, 

1600, 

1508, 

1416, 

1342, 

1287, 

1247, 

1235, 

1234, 

1242, 

1260, 

1294, 

1346, 

1384, 

1401, 

1424, 

1468, 

1513, 

1570, 

1666, 

1803, 

1933, 

2017, 

2047, 

2046, 

2043, 

2055, 

2077, 

2099, 

2129, 

2136, 

2117, 

2086, 

2061, 

2049, 

2044, 

2062, 

2074, 

2094, 

2104, 

2099, 

2105, 

2108, 

2111, 

2120, 

2122, 

2110, 

2087, 

2045, 

2042, 

2067, 

2086, 

2117, 

2145, 

2153, 

2144, 

2103, 

2083, 

2032, 

1988, 

1962, 

1974, 

2016, 

2074, 

2129, 

2167, 

2197, 

2224, 

2253, 

2252, 

2223, 

2175, 

2130, 

2111, 

2128, 

2161, 

2197, 

2203, 

2163, 

2111, 

2068, 

2079, 

2114, 

2175, 

2205, 

2202, 

2163, 

2115, 

2104, 

2115, 

2126, 

2139, 

2143, 

2160, 

2168, 

2154, 

2163, 

2211, 

2251, 

2274, 

2282, 

2296, 

2332, 

2352, 

2363, 

2331, 

2288, 

2229, 

2191, 

2205, 

2251, 

2306, 

2347, 

2356, 

2328, 

2302, 

2300, 

2325, 

2346, 

2348, 

2316, 

2279, 

2250, 

2257, 

2283, 

2318, 

2342, 

2330, 

2296, 

2256, 

2206, 

2152, 

2120, 

2123, 

2135, 

2132, 

2144, 

2161, 

2174, 

2177, 

2151, 

2103, 

2057, 

2039, 

2033, 

2036, 

2038, 

2030, 

2034, 

2022, 

2012, 

1982, 

1936, 

1875, 

1842, 

1850, 

1875, 

1890, 

1907, 

1919, 

1933, 

1951, 

1980, 

1987, 

1966, 

1921, 

1851, 

1780, 

1749, 

1781, 

1861, 

